0,0
-0.00040085,-0.00040085
-0.0012576,-0.0012576
-0.0021924,-0.0021924
-0.0034222,-0.0034222
-0.005259,-0.005259
-0.00774,-0.00774
-0.010107,-0.010107
-0.011487,-0.011487
-0.011408,-0.011408
-0.010484,-0.010484
-0.0096075,-0.0096075
-0.0093331,-0.0093331
-0.0090032,-0.0090032
-0.0079706,-0.0079706
-0.0065235,-0.0065235
-0.0047031,-0.0047031
-0.0026162,-0.0026162
-0.001001,-0.001001
-0.00063984,-0.00063984
-0.0021096,-0.0021096
-0.0051213,-0.0051213
-0.0068042,-0.0068042
-0.0048826,-0.0048826
-0.0010482,-0.0010482
0.0023615,0.0023615
0.0042346,0.0042346
0.0030504,0.0030504
-0.0024835,-0.0024835
-0.012414,-0.012414
-0.023737,-0.023737
-0.033201,-0.033201
-0.039385,-0.039385
-0.041709,-0.041709
-0.039773,-0.039773
-0.032418,-0.032418
-0.018894,-0.018894
0.00044219,0.00044219
0.023872,0.023872
0.050301,0.050301
0.075437,0.075437
0.094827,0.094827
0.10603,0.10603
0.10804,0.10804
0.10101,0.10101
0.086563,0.086563
0.068575,0.068575
0.051445,0.051445
0.03917,0.03917
0.034239,0.034239
0.035474,0.035474
0.04038,0.04038
0.046518,0.046518
0.052799,0.052799
0.058053,0.058053
0.05943,0.05943
0.054276,0.054276
0.040911,0.040911
0.018769,0.018769
-0.01161,-0.01161
-0.04872,-0.04872
-0.088821,-0.088821
-0.122,-0.122
-0.13834,-0.13834
-0.13064,-0.13064
-0.09513,-0.09513
-0.03167,-0.03167
0.054363,0.054363
0.14679,0.14679
0.22878,0.22878
0.29071,0.29071
0.32864,0.32864
0.34216,0.34216
0.33228,0.33228
0.30183,0.30183
0.25627,0.25627
0.20329,0.20329
0.15169,0.15169
0.10201,0.10201
0.052508,0.052508
0.001521,0.001521
-0.05231,-0.05231
-0.10991,-0.10991
-0.17168,-0.17168
-0.23602,-0.23602
-0.29572,-0.29572
-0.3448,-0.3448
-0.37914,-0.37914
-0.39577,-0.39577
-0.39347,-0.39347
-0.37553,-0.37553
-0.34601,-0.34601
-0.30421,-0.30421
-0.24944,-0.24944
-0.18267,-0.18267
-0.10626,-0.10626
-0.023564,-0.023564
0.061504,0.061504
0.14502,0.14502
0.22388,0.22388
0.29783,0.29783
0.36985,0.36985
0.44129,0.44129
0.50267,0.50267
0.54291,0.54291
0.55232,0.55232
0.52313,0.52313
0.45164,0.45164
0.33942,0.33942
0.19286,0.19286
0.022127,0.022127
-0.1581,-0.1581
-0.32532,-0.32532
-0.46346,-0.46346
-0.56118,-0.56118
-0.60941,-0.60941
-0.60095,-0.60095
-0.53183,-0.53183
-0.40488,-0.40488
-0.22976,-0.22976
-0.030165,-0.030165
0.13473,0.13473
0.21845,0.21845
0.22323,0.22323
0.16512,0.16512
0.065362,0.065362
-0.051274,-0.051274
-0.16281,-0.16281
-0.26207,-0.26207
-0.34707,-0.34707
-0.41832,-0.41832
-0.4786,-0.4786
-0.52504,-0.52504
-0.55372,-0.55372
-0.5603,-0.5603
-0.54137,-0.54137
-0.49616,-0.49616
-0.42704,-0.42704
-0.33913,-0.33913
-0.24092,-0.24092
-0.1473,-0.1473
-0.073006,-0.073006
-0.029328,-0.029328
-0.022558,-0.022558
-0.05395,-0.05395
-0.11842,-0.11842
-0.20078,-0.20078
-0.28308,-0.28308
-0.34861,-0.34861
-0.38597,-0.38597
-0.3967,-0.3967
-0.3876,-0.3876
-0.36541,-0.36541
-0.32979,-0.32979
-0.28003,-0.28003
-0.21717,-0.21717
-0.14379,-0.14379
-0.065548,-0.065548
0.0038253,0.0038253
0.050883,0.050883
0.066735,0.066735
0.04931,0.04931
0.010771,0.010771
-0.032439,-0.032439
-0.068091,-0.068091
-0.10037,-0.10037
-0.13727,-0.13727
-0.18565,-0.18565
-0.25053,-0.25053
-0.33088,-0.33088
-0.40904,-0.40904
-0.46516,-0.46516
-0.48372,-0.48372
-0.45844,-0.45844
-0.40186,-0.40186
-0.33272,-0.33272
-0.27,-0.27
-0.22755,-0.22755
-0.20343,-0.20343
-0.19054,-0.19054
-0.18279,-0.18279
-0.18154,-0.18154
-0.1892,-0.1892
-0.20689,-0.20689
-0.23293,-0.23293
-0.25847,-0.25847
-0.27379,-0.27379
-0.27292,-0.27292
-0.25955,-0.25955
-0.24015,-0.24015
-0.21992,-0.21992
-0.20347,-0.20347
-0.19295,-0.19295
-0.18301,-0.18301
-0.16691,-0.16691
-0.13914,-0.13914
-0.098288,-0.098288
-0.053965,-0.053965
-0.017871,-0.017871
8.9024e-05,8.9024e-05
-0.0071131,-0.0071131
-0.041155,-0.041155
-0.093097,-0.093097
-0.15193,-0.15193
-0.21182,-0.21182
-0.2685,-0.2685
-0.31702,-0.31702
-0.3482,-0.3482
-0.35422,-0.35422
-0.33085,-0.33085
-0.27773,-0.27773
-0.19813,-0.19813
-0.098339,-0.098339
0.011323,0.011323
0.11282,0.11282
0.19186,0.19186
0.23935,0.23935
0.24885,0.24885
0.21623,0.21623
0.14159,0.14159
0.030033,0.030033
-0.10687,-0.10687
-0.24587,-0.24587
-0.3629,-0.3629
-0.44237,-0.44237
-0.48698,-0.48698
-0.50507,-0.50507
-0.50563,-0.50563
-0.49778,-0.49778
-0.48724,-0.48724
-0.46547,-0.46547
-0.42238,-0.42238
-0.35111,-0.35111
-0.24872,-0.24872
-0.12176,-0.12176
-0.0012241,-0.0012241
0.083816,0.083816
0.12909,0.12909
0.14094,0.14094
0.12824,0.12824
0.10139,0.10139
0.071618,0.071618
0.04978,0.04978
0.041089,0.041089
0.033095,0.033095
0.010179,0.010179
-0.040399,-0.040399
-0.1235,-0.1235
-0.2251,-0.2251
-0.32623,-0.32623
-0.40934,-0.40934
-0.46347,-0.46347
-0.49322,-0.49322
-0.50788,-0.50788
-0.51455,-0.51455
-0.51044,-0.51044
-0.49139,-0.49139
-0.45525,-0.45525
-0.40208,-0.40208
-0.33575,-0.33575
-0.26845,-0.26845
-0.21337,-0.21337
-0.17976,-0.17976
-0.16732,-0.16732
-0.17163,-0.17163
-0.18654,-0.18654
-0.205,-0.205
-0.22236,-0.22236
-0.24363,-0.24363
-0.27533,-0.27533
-0.31906,-0.31906
-0.36187,-0.36187
-0.38859,-0.38859
-0.38704,-0.38704
-0.35166,-0.35166
-0.29095,-0.29095
-0.21828,-0.21828
-0.14756,-0.14756
-0.08997,-0.08997
-0.048051,-0.048051
-0.020708,-0.020708
-0.0051415,-0.0051415
0.0026907,0.0026907
0.0074977,0.0074977
0.012006,0.012006
0.010665,0.010665
-0.003017,-0.003017
-0.033591,-0.033591
-0.081663,-0.081663
-0.13936,-0.13936
-0.19658,-0.19658
-0.24466,-0.24466
-0.27926,-0.27926
-0.29844,-0.29844
-0.30144,-0.30144
-0.29049,-0.29049
-0.27283,-0.27283
-0.2517,-0.2517
-0.23028,-0.23028
-0.21119,-0.21119
-0.19397,-0.19397
-0.17733,-0.17733
-0.15999,-0.15999
-0.14232,-0.14232
-0.13067,-0.13067
-0.13171,-0.13171
-0.14847,-0.14847
-0.17524,-0.17524
-0.20384,-0.20384
-0.22781,-0.22781
-0.24729,-0.24729
-0.26326,-0.26326
-0.27278,-0.27278
-0.27278,-0.27278
-0.26159,-0.26159
-0.23901,-0.23901
-0.20754,-0.20754
-0.17596,-0.17596
-0.15244,-0.15244
-0.1383,-0.1383
-0.13291,-0.13291
-0.13706,-0.13706
-0.15069,-0.15069
-0.17145,-0.17145
-0.19603,-0.19603
-0.22076,-0.22076
-0.24184,-0.24184
-0.25657,-0.25657
-0.26528,-0.26528
-0.26951,-0.26951
-0.27123,-0.27123
-0.2718,-0.2718
-0.26936,-0.26936
-0.26174,-0.26174
-0.24757,-0.24757
-0.2277,-0.2277
-0.20816,-0.20816
-0.19188,-0.19188
-0.18023,-0.18023
-0.17404,-0.17404
-0.17395,-0.17395
-0.17944,-0.17944
-0.18739,-0.18739
-0.19406,-0.19406
-0.19616,-0.19616
-0.19116,-0.19116
-0.17755,-0.17755
-0.15624,-0.15624
-0.13397,-0.13397
-0.11837,-0.11837
-0.11575,-0.11575
-0.12911,-0.12911
-0.15412,-0.15412
-0.18401,-0.18401
-0.21335,-0.21335
-0.24302,-0.24302
-0.27379,-0.27379
-0.30027,-0.30027
-0.31651,-0.31651
-0.31819,-0.31819
-0.30305,-0.30305
-0.27217,-0.27217
-0.2329,-0.2329
-0.19425,-0.19425
-0.16359,-0.16359
-0.14342,-0.14342
-0.13547,-0.13547
-0.13991,-0.13991
-0.15385,-0.15385
-0.17307,-0.17307
-0.19296,-0.19296
-0.20981,-0.20981
-0.22295,-0.22295
-0.23288,-0.23288
-0.23934,-0.23934
-0.23823,-0.23823
-0.22673,-0.22673
-0.20818,-0.20818
-0.18772,-0.18772
-0.17038,-0.17038
-0.15994,-0.15994
-0.15698,-0.15698
-0.16059,-0.16059
-0.16915,-0.16915
-0.1803,-0.1803
-0.19059,-0.19059
-0.1967,-0.1967
-0.19668,-0.19668
-0.19201,-0.19201
-0.1841,-0.1841
-0.17107,-0.17107
-0.15554,-0.15554
-0.14153,-0.14153
-0.13257,-0.13257
-0.13137,-0.13137
-0.13947,-0.13947
-0.15722,-0.15722
-0.18373,-0.18373
-0.21713,-0.21713
-0.25388,-0.25388
-0.28647,-0.28647
-0.30745,-0.30745
-0.31251,-0.31251
-0.30441,-0.30441
-0.28854,-0.28854
-0.27088,-0.27088
-0.25635,-0.25635
-0.24571,-0.24571
-0.23834,-0.23834
-0.23349,-0.23349
-0.23113,-0.23113
-0.23116,-0.23116
-0.23327,-0.23327
-0.23727,-0.23727
-0.24282,-0.24282
-0.24883,-0.24883
-0.25178,-0.25178
-0.24819,-0.24819
-0.2362,-0.2362
-0.21749,-0.21749
-0.19473,-0.19473
-0.171,-0.171
-0.14996,-0.14996
-0.13487,-0.13487
-0.12805,-0.12805
-0.13034,-0.13034
-0.14017,-0.14017
-0.1559,-0.1559
-0.17948,-0.17948
-0.21284,-0.21284
-0.25659,-0.25659
-0.31001,-0.31001
-0.36963,-0.36963
-0.42486,-0.42486
-0.46471,-0.46471
-0.48081,-0.48081
-0.46826,-0.46826
-0.4267,-0.4267
-0.36232,-0.36232
-0.28438,-0.28438
-0.20169,-0.20169
-0.1171,-0.1171
-0.031969,-0.031969
0.04938,0.04938
0.11215,0.11215
0.14383,0.14383
0.13577,0.13577
0.082916,0.082916
-0.011758,-0.011758
-0.12978,-0.12978
-0.25036,-0.25036
-0.36144,-0.36144
-0.45116,-0.45116
-0.49621,-0.49621
-0.48082,-0.48082
-0.41238,-0.41238
-0.30793,-0.30793
-0.18771,-0.18771
-0.07157,-0.07157
0.02618,0.02618
0.094866,0.094866
0.12595,0.12595
0.115,0.115
0.061477,0.061477
-0.030266,-0.030266
-0.14888,-0.14888
-0.26992,-0.26992
-0.36762,-0.36762
-0.42091,-0.42091
-0.42,-0.42
-0.37943,-0.37943
-0.31867,-0.31867
-0.24581,-0.24581
-0.16673,-0.16673
-0.08765,-0.08765
-0.014384,-0.014384
0.046879,0.046879
0.085947,0.085947
0.094701,0.094701
0.069313,0.069313
0.010174,0.010174
-0.076616,-0.076616
-0.17529,-0.17529
-0.26804,-0.26804
-0.33898,-0.33898
-0.37594,-0.37594
-0.37304,-0.37304
-0.33481,-0.33481
-0.27107,-0.27107
-0.1941,-0.1941
-0.11692,-0.11692
-0.050986,-0.050986
-0.0037064,-0.0037064
0.016717,0.016717
0.0072059,0.0072059
-0.021962,-0.021962
-0.058664,-0.058664
-0.099584,-0.099584
-0.14335,-0.14335
-0.18756,-0.18756
-0.22753,-0.22753
-0.26129,-0.26129
-0.28713,-0.28713
-0.29947,-0.29947
-0.29349,-0.29349
-0.26696,-0.26696
-0.22026,-0.22026
-0.15622,-0.15622
-0.081198,-0.081198
-0.0088042,-0.0088042
0.046984,0.046984
0.075161,0.075161
0.06883,0.06883
0.027175,0.027175
-0.040612,-0.040612
-0.12252,-0.12252
-0.21023,-0.21023
-0.29644,-0.29644
-0.37451,-0.37451
-0.43742,-0.43742
-0.47321,-0.47321
-0.47252,-0.47252
-0.43172,-0.43172
-0.35975,-0.35975
-0.27068,-0.27068
-0.17973,-0.17973
-0.10071,-0.10071
-0.04276,-0.04276
-0.011247,-0.011247
-0.0083857,-0.0083857
-0.034456,-0.034456
-0.086622,-0.086622
-0.15907,-0.15907
-0.24266,-0.24266
-0.32261,-0.32261
-0.3843,-0.3843
-0.4177,-0.4177
-0.42215,-0.42215
-0.4019,-0.4019
-0.36271,-0.36271
-0.3075,-0.3075
-0.23973,-0.23973
-0.16415,-0.16415
-0.087705,-0.087705
-0.023111,-0.023111
0.017668,0.017668
0.026382,0.026382
0.00064777,0.00064777
-0.051947,-0.051947
-0.11966,-0.11966
-0.18969,-0.18969
-0.25114,-0.25114
-0.30003,-0.30003
-0.33547,-0.33547
-0.3583,-0.3583
-0.36983,-0.36983
-0.36884,-0.36884
-0.35472,-0.35472
-0.32853,-0.32853
-0.29271,-0.29271
-0.25175,-0.25175
-0.21459,-0.21459
-0.19017,-0.19017
-0.18395,-0.18395
-0.19363,-0.19363
-0.21386,-0.21386
-0.23835,-0.23835
-0.26072,-0.26072
-0.27529,-0.27529
-0.27771,-0.27771
-0.26541,-0.26541
-0.23776,-0.23776
-0.19608,-0.19608
-0.14328,-0.14328
-0.083877,-0.083877
-0.024636,-0.024636
0.027717,0.027717
0.067818,0.067818
0.093465,0.093465
0.10854,0.10854
0.11655,0.11655
0.11265,0.11265
0.091225,0.091225
0.049065,0.049065
-0.01429,-0.01429
-0.096689,-0.096689
-0.19248,-0.19248
-0.28944,-0.28944
-0.37472,-0.37472
-0.4387,-0.4387
-0.4791,-0.4791
-0.49836,-0.49836
-0.49962,-0.49962
-0.48294,-0.48294
-0.44931,-0.44931
-0.40171,-0.40171
-0.34509,-0.34509
-0.28722,-0.28722
-0.23596,-0.23596
-0.19704,-0.19704
-0.17105,-0.17105
-0.15614,-0.15614
-0.14923,-0.14923
-0.14641,-0.14641
-0.14433,-0.14433
-0.14413,-0.14413
-0.14779,-0.14779
-0.1561,-0.1561
-0.16709,-0.16709
-0.1774,-0.1774
-0.18298,-0.18298
-0.18597,-0.18597
-0.18847,-0.18847
-0.18716,-0.18716
-0.18303,-0.18303
-0.17813,-0.17813
-0.17276,-0.17276
-0.16919,-0.16919
-0.1699,-0.1699
-0.17669,-0.17669
-0.18985,-0.18985
-0.20632,-0.20632
-0.2222,-0.2222
-0.23452,-0.23452
-0.24334,-0.24334
-0.24972,-0.24972
-0.25496,-0.25496
-0.25953,-0.25953
-0.26057,-0.26057
-0.25496,-0.25496
-0.24061,-0.24061
-0.21737,-0.21737
-0.18914,-0.18914
-0.16089,-0.16089
-0.13724,-0.13724
-0.12146,-0.12146
-0.1136,-0.1136
-0.11223,-0.11223
-0.11531,-0.11531
-0.12076,-0.12076
-0.12642,-0.12642
-0.13024,-0.13024
-0.13057,-0.13057
-0.12726,-0.12726
-0.12473,-0.12473
-0.12797,-0.12797
-0.14097,-0.14097
-0.16566,-0.16566
-0.20013,-0.20013
-0.24011,-0.24011
-0.27799,-0.27799
-0.3062,-0.3062
-0.31885,-0.31885
-0.31236,-0.31236
-0.28758,-0.28758
-0.25494,-0.25494
-0.22477,-0.22477
-0.19738,-0.19738
-0.1705,-0.1705
-0.14388,-0.14388
-0.125,-0.125
-0.12181,-0.12181
-0.13982,-0.13982
-0.17952,-0.17952
-0.23044,-0.23044
-0.2794,-0.2794
-0.316,-0.316
-0.33862,-0.33862
-0.34845,-0.34845
-0.34554,-0.34554
-0.33051,-0.33051
-0.30417,-0.30417
-0.26871,-0.26871
-0.22804,-0.22804
-0.18439,-0.18439
-0.13958,-0.13958
-0.095471,-0.095471
-0.05369,-0.05369
-0.01706,-0.01706
0.0061097,0.0061097
0.0081358,0.0081358
-0.015571,-0.015571
-0.066156,-0.066156
-0.14142,-0.14142
-0.23443,-0.23443
-0.32915,-0.32915
-0.40853,-0.40853
-0.45944,-0.45944
-0.47658,-0.47658
-0.45866,-0.45866
-0.40715,-0.40715
-0.33931,-0.33931
-0.26761,-0.26761
-0.20175,-0.20175
-0.15006,-0.15006
-0.1186,-0.1186
-0.10932,-0.10932
-0.11652,-0.11652
-0.13165,-0.13165
-0.14578,-0.14578
-0.15071,-0.15071
-0.14164,-0.14164
-0.12276,-0.12276
-0.10088,-0.10088
-0.082737,-0.082737
-0.074131,-0.074131
-0.079325,-0.079325
-0.10061,-0.10061
-0.13693,-0.13693
-0.18057,-0.18057
-0.22223,-0.22223
-0.25346,-0.25346
-0.269,-0.269
-0.27109,-0.27109
-0.26478,-0.26478
-0.2547,-0.2547
-0.24125,-0.24125
-0.22463,-0.22463
-0.20748,-0.20748
-0.19286,-0.19286
-0.1833,-0.1833
-0.18087,-0.18087
-0.18795,-0.18795
-0.20591,-0.20591
-0.2331,-0.2331
-0.26035,-0.26035
-0.2786,-0.2786
-0.28499,-0.28499
-0.27849,-0.27849
-0.25763,-0.25763
-0.22831,-0.22831
-0.19867,-0.19867
-0.17631,-0.17631
-0.16745,-0.16745
-0.17397,-0.17397
-0.18664,-0.18664
-0.1961,-0.1961
-0.20323,-0.20323
-0.21139,-0.21139
-0.22193,-0.22193
-0.22918,-0.22918
-0.22656,-0.22656
-0.21054,-0.21054
-0.18502,-0.18502
-0.15616,-0.15616
-0.13012,-0.13012
-0.11231,-0.11231
-0.10675,-0.10675
-0.11571,-0.11571
-0.13867,-0.13867
-0.17,-0.17
-0.20257,-0.20257
-0.23056,-0.23056
-0.25295,-0.25295
-0.27049,-0.27049
-0.28441,-0.28441
-0.29521,-0.29521
-0.29916,-0.29916
-0.29248,-0.29248
-0.274,-0.274
-0.24834,-0.24834
-0.22063,-0.22063
-0.19165,-0.19165
-0.1612,-0.1612
-0.13026,-0.13026
-0.10379,-0.10379
-0.086081,-0.086081
-0.077081,-0.077081
-0.074913,-0.074913
-0.078177,-0.078177
-0.089628,-0.089628
-0.11202,-0.11202
-0.14659,-0.14659
-0.19301,-0.19301
-0.24797,-0.24797
-0.30116,-0.30116
-0.34161,-0.34161
-0.3618,-0.3618
-0.36163,-0.36163
-0.34462,-0.34462
-0.3161,-0.3161
-0.28243,-0.28243
-0.24937,-0.24937
-0.21893,-0.21893
-0.19183,-0.19183
-0.16836,-0.16836
-0.14917,-0.14917
-0.13771,-0.13771
-0.13706,-0.13706
-0.14881,-0.14881
-0.17197,-0.17197
-0.20048,-0.20048
-0.22759,-0.22759
-0.24848,-0.24848
-0.25746,-0.25746
-0.25175,-0.25175
-0.23719,-0.23719
-0.22196,-0.22196
-0.21377,-0.21377
-0.21714,-0.21714
-0.22765,-0.22765
-0.23849,-0.23849
-0.24326,-0.24326
-0.23842,-0.23842
-0.22749,-0.22749
-0.21208,-0.21208
-0.19322,-0.19322
-0.17272,-0.17272
-0.15413,-0.15413
-0.14095,-0.14095
-0.13548,-0.13548
-0.13761,-0.13761
-0.14681,-0.14681
-0.16489,-0.16489
-0.19234,-0.19234
-0.22465,-0.22465
-0.2557,-0.2557
-0.27978,-0.27978
-0.29246,-0.29246
-0.29196,-0.29196
-0.28228,-0.28228
-0.26855,-0.26855
-0.25324,-0.25324
-0.23815,-0.23815
-0.22476,-0.22476
-0.21364,-0.21364
-0.20488,-0.20488
-0.19841,-0.19841
-0.19391,-0.19391
-0.19159,-0.19159
-0.19289,-0.19289
-0.19299,-0.19299
-0.18591,-0.18591
-0.16853,-0.16853
-0.14555,-0.14555
-0.12363,-0.12363
-0.10884,-0.10884
-0.10598,-0.10598
-0.11755,-0.11755
-0.14207,-0.14207
-0.17607,-0.17607
-0.21492,-0.21492
-0.2525,-0.2525
-0.28169,-0.28169
-0.29755,-0.29755
-0.3009,-0.3009
-0.29502,-0.29502
-0.28407,-0.28407
-0.27256,-0.27256
-0.26397,-0.26397
-0.25809,-0.25809
-0.25363,-0.25363
-0.24855,-0.24855
-0.24065,-0.24065
-0.23463,-0.23463
-0.23161,-0.23161
-0.231,-0.231
-0.23222,-0.23222
-0.23559,-0.23559
-0.24141,-0.24141
-0.24967,-0.24967
-0.2598,-0.2598
-0.27004,-0.27004
-0.2785,-0.2785
-0.2836,-0.2836
-0.28432,-0.28432
-0.27969,-0.27969
-0.26742,-0.26742
-0.24581,-0.24581
-0.21439,-0.21439
-0.17392,-0.17392
-0.12729,-0.12729
-0.082214,-0.082214
-0.046774,-0.046774
-0.027326,-0.027326
-0.027849,-0.027849
-0.049622,-0.049622
-0.090682,-0.090682
-0.14458,-0.14458
-0.20319,-0.20319
-0.25835,-0.25835
-0.30288,-0.30288
-0.33142,-0.33142
-0.34113,-0.34113
-0.33163,-0.33163
-0.3049,-0.3049
-0.26525,-0.26525
-0.21977,-0.21977
-0.17615,-0.17615
-0.14077,-0.14077
-0.11636,-0.11636
-0.10352,-0.10352
-0.10198,-0.10198
-0.11226,-0.11226
-0.13393,-0.13393
-0.16523,-0.16523
-0.20265,-0.20265
-0.23955,-0.23955
-0.26913,-0.26913
-0.28683,-0.28683
-0.29344,-0.29344
-0.29193,-0.29193
-0.28528,-0.28528
-0.27368,-0.27368
-0.25713,-0.25713
-0.23646,-0.23646
-0.2139,-0.2139
-0.19198,-0.19198
-0.17301,-0.17301
-0.15876,-0.15876
-0.1503,-0.1503
-0.14796,-0.14796
-0.15125,-0.15125
-0.15904,-0.15904
-0.16959,-0.16959
-0.1809,-0.1809
-0.19104,-0.19104
-0.19833,-0.19833
-0.20155,-0.20155
-0.2,-0.2
-0.19327,-0.19327
-0.18202,-0.18202
-0.16938,-0.16938
-0.15892,-0.15892
-0.15372,-0.15372
-0.15598,-0.15598
-0.1663,-0.1663
-0.18193,-0.18193
-0.19905,-0.19905
-0.21488,-0.21488
-0.2306,-0.2306
-0.24824,-0.24824
-0.26835,-0.26835
-0.28667,-0.28667
-0.29834,-0.29834
-0.29962,-0.29962
-0.28831,-0.28831
-0.26389,-0.26389
-0.22827,-0.22827
-0.18787,-0.18787
-0.15008,-0.15008
-0.12146,-0.12146
-0.10701,-0.10701
-0.10963,-0.10963
-0.12995,-0.12995
-0.16548,-0.16548
-0.20841,-0.20841
-0.24964,-0.24964
-0.28144,-0.28144
-0.29993,-0.29993
-0.30367,-0.30367
-0.29246,-0.29246
-0.26648,-0.26648
-0.2311,-0.2311
-0.1935,-0.1935
-0.16063,-0.16063
-0.13839,-0.13839
-0.13055,-0.13055
-0.13711,-0.13711
-0.15594,-0.15594
-0.18398,-0.18398
-0.21732,-0.21732
-0.251,-0.251
-0.27762,-0.27762
-0.29042,-0.29042
-0.28578,-0.28578
-0.26628,-0.26628
-0.23713,-0.23713
-0.20434,-0.20434
-0.17397,-0.17397
-0.15135,-0.15135
-0.14053,-0.14053
-0.14291,-0.14291
-0.15446,-0.15446
-0.16939,-0.16939
-0.18187,-0.18187
-0.18777,-0.18777
-0.18801,-0.18801
-0.18512,-0.18512
-0.18185,-0.18185
-0.1808,-0.1808
-0.18413,-0.18413
-0.19331,-0.19331
-0.20871,-0.20871
-0.2287,-0.2287
-0.25091,-0.25091
-0.27286,-0.27286
-0.29226,-0.29226
-0.30711,-0.30711
-0.31541,-0.31541
-0.31573,-0.31573
-0.307,-0.307
-0.28914,-0.28914
-0.26317,-0.26317
-0.2315,-0.2315
-0.19883,-0.19883
-0.17012,-0.17012
-0.14949,-0.14949
-0.13919,-0.13919
-0.13754,-0.13754
-0.14129,-0.14129
-0.14674,-0.14674
-0.15026,-0.15026
-0.14942,-0.14942
-0.14542,-0.14542
-0.14054,-0.14054
-0.13697,-0.13697
-0.13665,-0.13665
-0.14119,-0.14119
-0.15152,-0.15152
-0.16781,-0.16781
-0.18951,-0.18951
-0.21541,-0.21541
-0.24391,-0.24391
-0.27241,-0.27241
-0.29536,-0.29536
-0.30749,-0.30749
-0.30521,-0.30521
-0.28692,-0.28692
-0.25308,-0.25308
-0.20696,-0.20696
-0.15688,-0.15688
-0.11201,-0.11201
-0.080286,-0.080286
-0.067488,-0.067488
-0.076707,-0.076707
-0.10711,-0.10711
-0.1512,-0.1512
-0.19928,-0.19928
-0.24185,-0.24185
-0.2707,-0.2707
-0.28087,-0.28087
-0.2741,-0.2741
-0.25506,-0.25506
-0.22963,-0.22963
-0.20404,-0.20404
-0.18413,-0.18413
-0.17466,-0.17466
-0.17878,-0.17878
-0.19779,-0.19779
-0.22978,-0.22978
-0.26625,-0.26625
-0.29745,-0.29745
-0.31492,-0.31492
-0.31246,-0.31246
-0.28784,-0.28784
-0.24629,-0.24629
-0.19589,-0.19589
-0.14499,-0.14499
-0.10038,-0.10038
-0.067347,-0.067347
-0.049978,-0.049978
-0.052325,-0.052325
-0.075301,-0.075301
-0.11321,-0.11321
-0.15791,-0.15791
-0.201,-0.201
-0.23482,-0.23482
-0.25414,-0.25414
-0.25892,-0.25892
-0.25166,-0.25166
-0.23614,-0.23614
-0.21689,-0.21689
-0.19861,-0.19861
-0.18536,-0.18536
-0.17958,-0.17958
-0.18248,-0.18248
-0.19409,-0.19409
-0.21342,-0.21342
-0.23796,-0.23796
-0.26223,-0.26223
-0.28099,-0.28099
-0.29184,-0.29184
-0.29397,-0.29397
-0.28748,-0.28748
-0.27273,-0.27273
-0.25086,-0.25086
-0.22425,-0.22425
-0.19747,-0.19747
-0.17519,-0.17519
-0.16127,-0.16127
-0.15826,-0.15826
-0.16685,-0.16685
-0.18483,-0.18483
-0.20863,-0.20863
-0.23448,-0.23448
-0.25972,-0.25972
-0.28224,-0.28224
-0.30037,-0.30037
-0.31311,-0.31311
-0.32018,-0.32018
-0.32023,-0.32023
-0.30573,-0.30573
-0.2715,-0.2715
-0.22249,-0.22249
-0.16696,-0.16696
-0.1134,-0.1134
-0.069291,-0.069291
-0.039563,-0.039563
-0.026869,-0.026869
-0.032066,-0.032066
-0.055628,-0.055628
-0.096228,-0.096228
-0.15056,-0.15056
-0.21385,-0.21385
-0.27956,-0.27956
-0.33718,-0.33718
-0.37686,-0.37686
-0.39163,-0.39163
-0.37799,-0.37799
-0.33701,-0.33701
-0.27641,-0.27641
-0.20664,-0.20664
-0.13854,-0.13854
-0.082009,-0.082009
-0.044486,-0.044486
-0.028991,-0.028991
-0.035262,-0.035262
-0.060407,-0.060407
-0.099624,-0.099624
-0.1475,-0.1475
-0.19813,-0.19813
-0.24567,-0.24567
-0.28506,-0.28506
-0.31244,-0.31244
-0.32521,-0.32521
-0.32293,-0.32293
-0.30835,-0.30835
-0.28588,-0.28588
-0.26058,-0.26058
-0.23751,-0.23751
-0.22113,-0.22113
-0.2134,-0.2134
-0.20957,-0.20957
-0.20338,-0.20338
-0.1906,-0.1906
-0.17327,-0.17327
-0.1552,-0.1552
-0.13977,-0.13977
-0.129,-0.129
-0.12397,-0.12397
-0.12526,-0.12526
-0.1337,-0.1337
-0.14944,-0.14944
-0.17174,-0.17174
-0.19912,-0.19912
-0.22956,-0.22956
-0.26034,-0.26034
-0.28689,-0.28689
-0.30524,-0.30524
-0.3138,-0.3138
-0.31255,-0.31255
-0.30266,-0.30266
-0.28627,-0.28627
-0.26564,-0.26564
-0.24128,-0.24128
-0.21359,-0.21359
-0.18387,-0.18387
-0.15576,-0.15576
-0.133,-0.133
-0.11839,-0.11839
-0.11354,-0.11354
-0.11856,-0.11856
-0.13252,-0.13252
-0.15435,-0.15435
-0.18233,-0.18233
-0.2141,-0.2141
-0.24699,-0.24699
-0.27839,-0.27839
-0.30553,-0.30553
-0.32431,-0.32431
-0.33143,-0.33143
-0.32522,-0.32522
-0.30575,-0.30575
-0.27469,-0.27469
-0.23552,-0.23552
-0.1944,-0.1944
-0.15781,-0.15781
-0.13122,-0.13122
-0.11855,-0.11855
-0.12066,-0.12066
-0.13241,-0.13241
-0.14796,-0.14796
-0.16623,-0.16623
-0.18706,-0.18706
-0.21002,-0.21002
-0.23367,-0.23367
-0.2535,-0.2535
-0.26502,-0.26502
-0.26505,-0.26505
-0.25203,-0.25203
-0.22715,-0.22715
-0.19725,-0.19725
-0.17036,-0.17036
-0.15363,-0.15363
-0.15133,-0.15133
-0.16121,-0.16121
-0.17855,-0.17855
-0.19803,-0.19803
-0.21446,-0.21446
-0.22416,-0.22416
-0.22779,-0.22779
-0.2275,-0.2275
-0.22578,-0.22578
-0.22512,-0.22512
-0.22772,-0.22772
-0.23522,-0.23522
-0.24857,-0.24857
-0.26633,-0.26633
-0.28016,-0.28016
-0.2812,-0.2812
-0.26271,-0.26271
-0.22292,-0.22292
-0.17127,-0.17127
-0.12013,-0.12013
-0.080946,-0.080946
-0.06296,-0.06296
-0.07219,-0.07219
-0.11094,-0.11094
-0.17458,-0.17458
-0.24314,-0.24314
-0.29672,-0.29672
-0.32873,-0.32873
-0.33818,-0.33818
-0.32689,-0.32689
-0.29908,-0.29908
-0.25978,-0.25978
-0.21139,-0.21139
-0.15708,-0.15708
-0.10353,-0.10353
-0.057603,-0.057603
-0.024596,-0.024596
-0.0071629,-0.0071629
-0.0062788,-0.0062788
-0.02313,-0.02313
-0.057237,-0.057237
-0.10605,-0.10605
-0.16541,-0.16541
-0.22972,-0.22972
-0.29149,-0.29149
-0.34361,-0.34361
-0.38065,-0.38065
-0.39955,-0.39955
-0.40041,-0.40041
-0.38572,-0.38572
-0.35968,-0.35968
-0.32759,-0.32759
-0.29376,-0.29376
-0.25694,-0.25694
-0.21494,-0.21494
-0.16779,-0.16779
-0.12175,-0.12175
-0.083953,-0.083953
-0.06004,-0.06004
-0.052786,-0.052786
-0.059597,-0.059597
-0.075554,-0.075554
-0.095858,-0.095858
-0.11911,-0.11911
-0.14454,-0.14454
-0.17117,-0.17117
-0.19795,-0.19795
-0.22374,-0.22374
-0.24709,-0.24709
-0.26682,-0.26682
-0.28228,-0.28228
-0.29335,-0.29335
-0.3005,-0.3005
-0.30461,-0.30461
-0.30688,-0.30688
-0.30639,-0.30639
-0.29357,-0.29357
-0.26106,-0.26106
-0.21392,-0.21392
-0.16097,-0.16097
-0.11053,-0.11053
-0.067529,-0.067529
-0.03501,-0.03501
-0.014549,-0.014549
-0.006143,-0.006143
-0.0093509,-0.0093509
-0.026473,-0.026473
-0.058991,-0.058991
-0.10641,-0.10641
-0.16646,-0.16646
-0.23549,-0.23549
-0.30898,-0.30898
-0.38221,-0.38221
-0.44855,-0.44855
-0.49372,-0.49372
-0.50481,-0.50481
-0.47415,-0.47415
-0.40154,-0.40154
-0.30021,-0.30021
-0.18807,-0.18807
-0.083125,-0.083125
-0.0012987,-0.0012987
0.045446,0.045446
0.052439,0.052439
0.028204,0.028204
-0.013691,-0.013691
-0.060407,-0.060407
-0.10706,-0.10706
-0.15104,-0.15104
-0.19021,-0.19021
-0.22318,-0.22318
-0.24941,-0.24941
-0.26921,-0.26921
-0.28367,-0.28367
-0.29443,-0.29443
-0.30348,-0.30348
-0.31289,-0.31289
-0.32454,-0.32454
-0.33891,-0.33891
-0.35212,-0.35212
-0.35971,-0.35971
-0.35819,-0.35819
-0.34568,-0.34568
-0.32281,-0.32281
-0.29167,-0.29167
-0.25523,-0.25523
-0.21704,-0.21704
-0.18118,-0.18118
-0.15129,-0.15129
-0.13007,-0.13007
-0.11894,-0.11894
-0.11804,-0.11804
-0.12639,-0.12639
-0.14267,-0.14267
-0.16482,-0.16482
-0.19025,-0.19025
-0.21612,-0.21612
-0.23931,-0.23931
-0.25559,-0.25559
-0.26145,-0.26145
-0.25489,-0.25489
-0.23552,-0.23552
-0.20523,-0.20523
-0.16966,-0.16966
-0.13535,-0.13535
-0.10825,-0.10825
-0.093036,-0.093036
-0.092404,-0.092404
-0.10628,-0.10628
-0.13264,-0.13264
-0.16805,-0.16805
-0.20823,-0.20823
-0.24817,-0.24817
-0.2815,-0.2815
-0.30263,-0.30263
-0.30787,-0.30787
-0.29623,-0.29623
-0.27101,-0.27101
-0.23747,-0.23747
-0.20155,-0.20155
-0.16906,-0.16906
-0.145,-0.145
-0.13262,-0.13262
-0.13206,-0.13206
-0.14159,-0.14159
-0.15876,-0.15876
-0.18164,-0.18164
-0.20813,-0.20813
-0.23547,-0.23547
-0.25982,-0.25982
-0.27761,-0.27761
-0.28666,-0.28666
-0.28722,-0.28722
-0.28089,-0.28089
-0.26997,-0.26997
-0.25719,-0.25719
-0.24491,-0.24491
-0.23372,-0.23372
-0.22363,-0.22363
-0.21452,-0.21452
-0.20616,-0.20616
-0.19825,-0.19825
-0.19084,-0.19084
-0.18554,-0.18554
-0.18396,-0.18396
-0.18714,-0.18714
-0.19532,-0.19532
-0.20807,-0.20807
-0.22443,-0.22443
-0.24308,-0.24308
-0.26213,-0.26213
-0.27831,-0.27831
-0.28855,-0.28855
-0.2907,-0.2907
-0.28375,-0.28375
-0.26775,-0.26775
-0.2433,-0.2433
-0.21189,-0.21189
-0.17642,-0.17642
-0.14279,-0.14279
-0.11694,-0.11694
-0.10349,-0.10349
-0.10522,-0.10522
-0.1223,-0.1223
-0.15082,-0.15082
-0.18516,-0.18516
-0.21939,-0.21939
-0.24798,-0.24798
-0.26647,-0.26647
-0.27193,-0.27193
-0.26381,-0.26381
-0.24558,-0.24558
-0.22228,-0.22228
-0.19924,-0.19924
-0.18139,-0.18139
-0.17201,-0.17201
-0.17035,-0.17035
-0.17405,-0.17405
-0.1803,-0.1803
-0.18615,-0.18615
-0.18942,-0.18942
-0.19053,-0.19053
-0.19067,-0.19067
-0.19106,-0.19106
-0.19266,-0.19266
-0.19562,-0.19562
-0.19977,-0.19977
-0.2048,-0.2048
-0.21038,-0.21038
-0.21645,-0.21645
-0.22266,-0.22266
-0.22751,-0.22751
-0.22949,-0.22949
-0.22793,-0.22793
-0.22424,-0.22424
-0.2204,-0.2204
-0.21827,-0.21827
-0.21937,-0.21937
-0.22417,-0.22417
-0.23031,-0.23031
-0.2349,-0.2349
-0.2354,-0.2354
-0.22996,-0.22996
-0.21756,-0.21756
-0.19865,-0.19865
-0.17658,-0.17658
-0.15539,-0.15539
-0.13876,-0.13876
-0.12953,-0.12953
-0.12948,-0.12948
-0.13914,-0.13914
-0.15759,-0.15759
-0.18205,-0.18205
-0.20899,-0.20899
-0.23479,-0.23479
-0.25641,-0.25641
-0.27217,-0.27217
-0.28137,-0.28137
-0.2842,-0.2842
-0.28156,-0.28156
-0.27467,-0.27467
-0.2639,-0.2639
-0.24973,-0.24973
-0.23206,-0.23206
-0.2092,-0.2092
-0.18585,-0.18585
-0.16556,-0.16556
-0.15061,-0.15061
-0.14246,-0.14246
-0.14166,-0.14166
-0.14781,-0.14781
-0.15971,-0.15971
-0.17551,-0.17551
-0.19305,-0.19305
-0.21008,-0.21008
-0.22457,-0.22457
-0.23494,-0.23494
-0.24021,-0.24021
-0.2401,-0.2401
-0.235,-0.235
-0.22588,-0.22588
-0.21412,-0.21412
-0.20135,-0.20135
-0.1892,-0.1892
-0.17912,-0.17912
-0.1722,-0.1722
-0.16908,-0.16908
-0.16988,-0.16988
-0.17427,-0.17427
-0.18146,-0.18146
-0.1904,-0.1904
-0.1999,-0.1999
-0.20876,-0.20876
-0.21597,-0.21597
-0.22076,-0.22076
-0.22273,-0.22273
-0.22184,-0.22184
-0.2184,-0.2184
-0.21301,-0.21301
-0.20646,-0.20646
-0.19965,-0.19965
-0.19343,-0.19343
-0.18852,-0.18852
-0.18545,-0.18545
-0.18447,-0.18447
-0.18556,-0.18556
-0.18847,-0.18847
-0.19273,-0.19273
-0.19773,-0.19773
-0.20283,-0.20283
-0.2074,-0.2074
-0.21094,-0.21094
-0.21309,-0.21309
-0.2137,-0.2137
-0.21281,-0.21281
-0.21063,-0.21063
-0.20753,-0.20753
-0.20395,-0.20395
-0.20038,-0.20038
-0.19725,-0.19725
-0.19494,-0.19494
-0.19366,-0.19366
-0.19352,-0.19352
-0.19447,-0.19447
-0.19632,-0.19632
-0.1988,-0.1988
-0.20158,-0.20158
-0.2043,-0.2043
-0.20664,-0.20664
-0.20836,-0.20836
-0.2093,-0.2093
-0.20941,-0.20941
-0.20873,-0.20873
-0.20742,-0.20742
-0.20568,-0.20568
-0.20377,-0.20377
-0.20194,-0.20194
-0.20041,-0.20041
-0.19936,-0.19936
-0.1989,-0.1989
-0.19905,-0.19905
-0.19976,-0.19976
-0.20092,-0.20092
-0.20235,-0.20235
-0.20389,-0.20389
-0.20534,-0.20534
-0.20654,-0.20654
-0.20738,-0.20738
-0.20778,-0.20778
-0.20773,-0.20773
-0.20729,-0.20729
-0.20653,-0.20653
-0.20559,-0.20559
-0.2046,-0.2046
-0.20369,-0.20369
-0.20297,-0.20297
-0.20254,-0.20254
-0.20243,-0.20243
-0.20264,-0.20264
-0.20314,-0.20314
-0.20386,-0.20386
-0.20469,-0.20469
-0.20555,-0.20555
-0.20633,-0.20633
